11671
11671
11943
11943
11943
11943
11943
12433
12433
12433
12721
12721
12721
13731
13731
13731
13731
13731
14068
14068
14068
14438
14438
14438
16045
16045
16045
16057
16057
16057
16057
16057
16057
14861
14861
14861
14570
14570
14570
14067
14067
14067
14067
14067
13420
13420
13420
13406
13406
13406
13114
13114
13114
12785
12785
12785
12673
12673
12673
12673
12673
12597
12597
12597
6939
6939
6939
7029
7029
7029
7167
7167
7167
7167
7167
7167
7167
7799
7799
7799
8017
8017
8017
8017
9863
9863
9863
9863
9863
10336
10336
10336
10475
10475
10475
12754
12754
12754
12754
12754
15373
15373
15476
15476
15476
15476
15476
15709
15709
15709
14170
14170
14170
12742
12742
12742
12530
12530
12530
12365
12365
12365
12365
12351
12351
12351
12351
12351
12222
12222
12222
12347
12347
12347
12262
12262
12262
12218
12218
12218
8650
8650
8650
9042
9042
9042
9248
9248
9248
9248
9248
9248
9683
9683
9955
9955
9955
10066
10066
10066
10228
10228
10228
10465
10465
10465
10465
10465
10922
10922
10922
11043
11043
11043
11271
11271
11271
11523
11523
11523
11740
11740
11740
11740
11740
11740
12069
12069
12069
12069
12256
12256
12465
12465
12465
12775
12775
12775
12899
12899
12899
12899
12899
13448
13448
13448
13448
13648
13648
13956
13956
13956
14110
14110
14110
14383
14383
14383
14383
14383
14383
14962
14962
15265
15265
15265
15386
15386
15386
15396
15396
15396
15638
15638
15638
15638
15638
15638
15872
15872
15872
15419
15419
15419
15226
15226
15226
15017
15017
15017
14446
14446
14446
14446
14446
14446
13422
13422
13422
13117
13117
13117
12871
12871
12871
12525
12525
12525
12071
12071
12071
12071
12071
12071
12071
11327
11327
10422
10422
10422
11268
11268
11268
11930
11930
11930
12139
12139
12139
12139
12139
12341
12341
12341
12554
12554
12554
12602
12602
12602
12602
12625
12625
12743
12743
12743
12743
12743
12800
12800
12800
12813
12813
12813
12613
12613
12613
12613
12515
12515
12393
12393
12393
12393
12393
11900
11900
11900
11900
11482
11482
11482
11152
11152
10970
10970
10970
10970
10571
10571
10571
10571
10064
10064
10064
9865
9865
9865
9592
9592
9592
9134
9134
9134
8701
8701
8701
8701
8701
8187
8187
8187
7890
7890
7890
7783
7783
7783
7783
7635
7635
7499
7499
7499
7499
7499
7499
7499
7383
7383
7383
7383
7383
7383
7383
7383
7383
7383
7383
6763
6763
6763
6763
6763
6763
6763
6763
6838
6838
6838
6870
6870
6941
6941
6941
7106
7106
7106
7106
7106
7106
7106
7385
7385
7385
7385
7385
7912
7912
7912
7912
8080
8080
8348
8348
8348
8699
8699
8699
8699
9117
9117
9117
9117
9527
9527
9527
9673
9673
9673
9913
9913
9913
10206
10206
10206
10206
10358
10358
10358
10358
10808
10808
10808
10808
11061
11061
11120
11120
11120
11157
11157
11157
11157
11323
11323
11323
11323
11323
11787
11787
12045
12045
12045
12284
12284
12284
12630
12630
12630
12857
12857
12857
12857
12857
13355
13355
13355
13474
13474
13474
13873
13873
13873
14021
14021
14021
14165
14165
14165
14165
14165
14165
14657
14657
14925
14925
14925
15383
15383
15383
15503
15503
15503
15729
15729
15729
15729
15729
15838
15838
15838
15960
15960
15960
16016
16016
16016
15737
15737
15737
15236
15236
15236
15236
15236
15236
14684
14684
14684
14283
14283
14283
14002
14002
14002
14002
13624
13624
13433
13433
13433
13433
13433
13132
13132
13132
13083
13083
13083
13071
13071
13071
13071
12883
12883
12727
12727
12727
12727
12727
12727
12627
12627
12627
12557
12557
12557
12646
12646
12646
12851
12851
12851
12851
10277
10277
10277
10277
8600
8600
8600
8600
9902
9902
11565
11565
11565
13222
13222
13222
14042
14042
14042
14042
14042
14888
14888
14888
14888
14968
14968
14867
14867
14867
14414
14414
14414
14179
14179
14179
14179
14179
13576
13576
13576
13576
12951
12951
12504
12504
12504
12207
12207
12207
11906
11906
11906
11906
11906
11318
11318
11318
11118
11118
11118
10898
10898
10898
10683
10683
10683
10321
10321
10321
10321
10321
9943
9943
9943
9658
9658
9658
9658
9658
9658
9658
9658
9658
9658
9658
9658
9658
9658
9658
9658
9658
9658
9307
9307
9307
9337
9337
9337
9366
9366
9335
9335
9345
9345
9345
9345
11585
11811
11811
11811
11811
12052
12362
12362
12362
12866
12866
12866
12984
12984
12984
13336
13336
13336
13336
13765
13765
13947
13947
13947
13947
13947
13947
14353
14353
14632
14632
14632
14749
14749
14749
15038
15038
15038
15038
15038
15038
15222
15469
15469
15469
15748
15748
15748
16169
16169
16169
16439
16439
16439
15201
15201
15201
15201
15201
15201
16584
16584
16584
16924
16924
16924
16924
17158
17158
17356
17356
17356
17442
17442
17442
17442
17442
17847
17847
17847
18095
18095
18095
18347
18347
18347
18848
18848
18848
19172
19172
19172
19172
19172
19172
19466
19466
19545
19545
19545
19352
19352
19352
19287
19287
19287
19287
19285
19285
19285
19285
19285
19221
19221
18903
18903
18903
18780
18780
18780
18780
18304
18304
18042
18042
18042
18042
18042
18042
18042
17429
17429
17053
17053
17053
16744
16744
16744
16744
16409
16409
16262
16262
16262
16262
16262
16292
16292
16292
16292
16218
16218
16215
16215
16215
16094
16094
16094
15689
15689
15689
15689
15689
16154
16154
16154
16154
16215
16215
16258
16258
16258
16296
16296
16296
16296
16237
16237
16237
16237
16237
16159
16159
16159
16159
16159
15917
15917
15917
15831
15831
15831
15686
15686
15686
15686
15686
15374
15374
15374
15009
15009
15009
15009
14716
14716
14376
14376
14376
14205
14205
14205
14205
14205
13840
13840
13840
13640
13640
13640
13403
13403
13403
13177
13177
13177
13025
13025
13025
13025
13025
13025
13025
13025
13025
13025
13025
13025
13025
13025
13025
13025
13025
13025
13025
12692
12692
12692
12692
12692
12692
12811
12811
12811
12890
12890
12890
12953
12953
12953
13052
13052
13052
13104
13104
13104
13104
13104
13104
13104
13104
13147
13147
13438
13438
13438
13726
13726
13726
14026
14026
14026
14366
14366
14366
14366
14366
14668
14668
14668
14881
14881
14881
15072
15072
15072
15248
15248
15248
15502
15502
15502
15502
15502
15758
15758
15758
16011
16011
16011
16194
16194
16194
16407
16407
16407
16748
16748
16748
16748
16748
17207
17207
17207
17217
17217
17217
17217
17660
17660
17923
17923
17923
18107
18107
18107
18107
18107
18680
18680
18680
18680
18862
18680
19142
19142
19142
19342
19342
19342
19373
19373
19373
19373
19373
19373
19523
19440
19440
19617
19617
19617
19827
19827
19827
19994
19994
19994
19994
19994
20216
20216
20216
20193
20193
20193
20494
20494
20494
20325
20325
20325
20325
20264
20264
20264
20264
20049
20049
20049
19890
19890
19890
19890
19735
19735
19609
19609
19609
19609
19417
19417
19417
19417
18637
18637
18637
18256
18256
18256
17932
17932
17932
17932
17565
17565
16941
16941
16941
16941
16941
16382
16382
16382
16107
16107
16107
15973
15973
15973
15735
15735
15735
15656
15656
15656
15656
15656
15551
15551
15551
15524
15524
15524
15450
15450
15450
15450
15476
15476
15532
15532
15532
15532
15532
15675
15675
15675
15805
15805
15805
15965
15965
16028
15965
15965
16062
16062
16062
16062
16062
15955
15955
15955
15721
15721
15721
15721
15586
15586
15289
15289
15289
15289
15041
15041
15041
15041
15041
14437
14437
14189
14189
14189
13855
13855
13855
13632
13632
13632
13331
13331
13331
13331
13331
13042
13042
13042
12934
12934
12934
12934
12774
12774
12774
12774
12774
12774
12774
12774
12774
12774
12774
12774
12774
12774
12774
12774
12774
12793
12793
12793
12793
12793
12606
12606
12606
12606
12606
12606
12606
12606
13136
13136
13136
13206
13206
13206
13310
13310
13310
13489
13489
13489
13451
13451
13451
13451
13451
13451
13451
13567
13567
13850
13850
13850
13850
13962
13962
14118
14118
14118
14198
14198
14198
14198
14198
14605
14605
14605
14605
14800
14800
14879
14879
14879
15092
15092
15092
15092
15364
15364
15364
15364
15713
15713
15713
15882
15882
15882
16183
16183
16183
16308
16308
16308
16656
16656
16656
16656
16656
17158
17158
17158
17478
17478
17478
17934
17934
17934
18140
18140
18140
18394
18394
18394
18394
18394
18394
18667
18667
18902
18902
18902
19035
19035
19035
19482
19482
19482
19482
19799
19799
19799
19799
20164
20164
20164
20432
20432
20432
20462
20462
20462
20680
20680
20680
20680
20848
20848
20848
20848
21056
21056
21056
20978
20978
20978
20659
20659
20659
20416
20416
20416
20416
20086
20086
20086
20086
19369
19369
19369
19056
19056
19056
18744
18744
18744
18174
18174
18174
17647
17647
17647
17647
17647
16980
16980
16980
16980
16514
16514
16111
16111
16111
15762
15762
15762
15333
15333
15333
15333
15333
15141
15141
15141
14933
14933
14933
14918
14918
14918
14918
14842
14842
14738
14738
14738
14738
14738
14196
14196
14196
14012
14012
14012
13836
13836
13836
13585
13585
13585
13585
13376
13376
13376
13376
12949
12949
12949
12766
12766
12766
12766
12317
12317
12034
12034
12034
11918
11918
11918
11918
11918
11918
11502
11502
11331
11331
11331
11015
11015
11015
11015
10581
10581
10032
10032
10032
10032
10032
9556
9556
9556
9339
9339
9339
9070
9070
9070
8884
8884
8884
8733
8733
8733
8733
8733
8733
8540
8540
8540
8540
8540
8540
8540
8540
8540
8540
8540
8540
8540
8540
8540
8540
8540
8540
8540
8540
8646
8646
8646
8828
8828
8828
8828
8959
8959
9118
9118
9118
9281
9281
9281
9281
9281
9613
9613
9613
9810
9810
9810
9810
9949
9949
9949
10170
10170
10394
10394
10394
10394
10394
10394
10974
10974
11356
11356
11356
11597
11597
11597
11923
11923
11923
11923
12219
12219
12219
12219
12596
12596
12596
12715
12715
12715
12715
13125
13125
13394
13394
13394
13542
13542
13542
13542
13542
13695
13695
13695
13695
14017
14017
13871
13871
13871
13999
13999
13999
14283
14283
14283
14283
14283
14787
14787
14787
14873
14873
14873
15278
15278
15278
15278
15502
15502
15502
15774
15774
15774
15774
15774
16208
16208
16208
16315
16315
16315
16667
16667
16667
16885
16885
16885
17061
17061
17061
17061
17061
17061
17565
17565
17565
17590
17590
17590
17698
17698
17698
17746
17746
17746
17840
17840
17840
17840
17840
17840
17178
17178
17178
16830
16830
16830
16830
16187
16187
15492
15492
15492
15152
15152
15152
15152
15152
15152
15152
14508
14508
14508
14322
14322
14001
14001
14001
13842
13842
13842
13618
13618
13618
13618
13618
13618
13347
13347
13347
13134
13134
13134
13097
13097
13097
13097
12871
12871
12984
12984
12984
12984
12984
13198
13198
13198
13407
13407
13407
13407
13545
13545
13650
13650
13650
13741
13741
13741
13741
13741
13588
13588
13588
13456
13456
13456
13265
13265
13265
13265
12990
12990
12555
12555
12555
12555
12555
12555
12037
12037
11623
11623
11623
11282
11282
11282
10987
10987
10987
10671
10671
10671
10671
10671
10018
10018
10018
9594
9594
9594
9223
9223
9223
9010
9010
9010
9010
8723
8723
8723
8723
8723
8242
8242
7998
7998
7998
7894
7894
7894
7894
7795
7795
7795
7795
7795
7795
7795
7795
7795
7795
7795
7795
7795
7795
7630
7630
7630
7630
7478
7478
7604
7604
7604
7604
7604
7604
7745
7745
7745
7861
7861
7861
8103
8103
8103
8289
8289
8289
8454
8454
8454
8454
8454
8454
8454
9034
9034
9034
9034
9256
9256
9487
9487
9487
9797
9797
9797
10095
10095
10095
10095
10095
10695
10695
10695
10805
10805
10805
10993
10993
10993
11049
11049
11049
11301
11301
11301
11301
11301
11548
11548
11548
11548
11679
11679
11884
11884
11884
12167
12167
12167
12315
12315
12315
12315
12315
12668
12668
12668
12941
12941
12941
13266
13266
13266
13586
13586
13586
14005
14005
14005
14005
14005
14005
14554
14554
14554
14730
14730
14730
14730
14691
14691
15142
15142
15142
15236
15236
15236
15236
15236
15236
15783
15783
15783
16013
16013
16013
16111
16111
16111
16111
16337
16337
16593
16593
16593
16593
16593
16593
16942
16942
16942
16942
16693
16693
16165
16165
16165
16165
15802
15802
15435
15435
15435
15435
15435
15435
14817
14817
14817
14621
14621
14621
14333
14333
14333
13950
13950
13950
13480
13480
13480
13480
13480
12914
12914
12914
12865
12865
12865
12865
12678
12678
12668
12668
12668
12615
12615
12615
12615
12615
12657
12657
12657
12800
12800
12800
12896
12896
12896
12937
12937
12937
12937
12904
12904
12904
12904
13057
13057
13057
13187
13187
13187
13101
13101
13101
13101
12849
12849
12849
12885
12885
12885
12885
12625
12625
12625
12291
12291
12291
12029
12029
12029
11639
11639
11639
11639
11476
11476
11476
11476
10873
10873
10873
10605
10605
10605
10388
10388
10388
10388
9964
9964
9390
9390
9390
9390
9390
8829
8829
8829
8829
8646
8646
8449
8449
8449
8218
8218
8218
8117
8117
8117
8117
8117
8117
7902
7902
7902
7902
7902
7902
7902
7902
7902
7902
7902
7902
7902
7902
7401
7401
7401
7401
7401
7401
7502
7502
7502
7500
7500
7500
7500
7565
7565
7669
7669
7669
7807
7807
7807
7807
7807
7807
7944
7944
7944
8196
8196
8196
8521
8521
8521
8787
8787
8787
9144
9144
9144
9144
9144
9144
9790
9790
10039
10039
10039
10489
10489
10489
10489
10824
10824
11147
11147
11147
11147
11147
11374
11374
11374
11374
11685
11685
11712
11712
11712
11282
11282
11282
11222
11222
11222
11222
11222
12139
12139
12139
12510
12510
12510
12717
12717
12717
12939
12939
12939
13221
13221
13221
13221
13221
13554
13554
13554
13813
13813
13813
14150
14150
14150
14611
14611
14611
14660
14660
14660
14660
14660
14660
14660
15062
15062
15062
15302
15302
15547
15547
15547
15547
15349
15349
15349
15373
15373
15373
15373
15373
15663
15663
15663
15663
15886
15886
16110
16110
16110
16208
16208
16208
16208
15909
15909
15909
15909
15909
15132
15132
15132
14721
14721
14721
14341
14341
14341
14030
14030
14030
14030
13801
13801
13801
13801
13801
13801
13031
13031
13031
12661
12661
11478
11478
11478
11982
11982
11982
11982
12093
12093
12093
12093
12093
12093
12176
12176
12176
12226
12226
12226
12166
12166
12327
12327
12327
12450
12450
12450
12450
12450
12450
11688
11688
12178
12178
12178
11898
11898
11898
11898
12439
12439
12600
12600
12600
12600
12600
12600
12662
12662
12662
12637
12637
12637
12428
12428
12428
12140
12140
12140
11977
11977
11977
11977
11977
11786
11786
11786
11235
11235
11235
10988
10988
10988
10475
10475
10475
10179
10179
10179
10179
10179
9544
9544
9544
9150
9150
9150
8888
8888
8888
8660
8660
8660
8433
8433
8433
8433
8433
8085
8085
8085
7980
7980
7980
7980
7980
7980
7980
7980
7980
7980
7980
7980
7980
7980
7980
7980
7980
7791
7791
7791
7891
7891
7891
7937
7937
7937
7883
7883
7883
7883
8046
8046
8046
8046
8046
8046
8349
8349
8519
8519
8519
8519
8782
8782
8965
8965
8965
8965
9262
9262
9262
9262
9456
9456
9456
9661
9661
9661
9945
9945
9945
9945
10056
10056
10355
10355
10355
10355
10355
10729
10729
10729
10940
10940
10940
11172
11172
11172
11349
11349
11349
11661
11661
11661
11661
11661
12025
12025
12025
12370
12370
12370
12691
12691
12691
12906
12906
12906
13079
13079
13079
13079
13079
13574
13574
13574
13843
13843
13843
14137
14137
14137
14525
14525
14525
14814
14814
14814
14814
14814
14814
15372
15372
15372
15518
15518
15518
15955
15955
15955
16244
16244
16244
16406
16406
16406
16406
16406
16406
16835
16835
16835
17001
17001
17001
17184
17184
17184
17184
17522
17522
17782
17782
17782
17782
17782
17474
17474
17474
17046
17046
17046
16714
16714
16714
16472
16472
16472
16117
16117
16117
16117
16117
16117
15371
15371
15078
15078
15078
14486
14486
14486
14112
14112
14112
13707
13707
13707
13707
13707
13422
13422
13422
10767
10767
10767
10767
8106
8106
6657
6657
6657
6141
6141
6141
6141
6141
6406
6406
6406
6943
6943
6943
6943
7703
7703
8604
8604
8604
9513
9513
9513
9513
9513
11436
11436
11436
12499
12499
12499
12499
13031
13031
13031
13538
13538
13603
13603
13603
13603
13603
13340
13340
13340
13019
13019
12655
12655
12655
12020
12020
12020
12020
11638
11638
11638
11638
11312
11312
11312
11117
11117
11117
10737
10737
10737
10386
10386
10386
10012
10012
10012
10012
10012
9334
9334
9334
9012
9012
9012
8842
8842
8842
8738
8738
8738
8525
8525
8525
8525
8525
8525
8504
8504
8504
8504
8504
8504
8504
8504
8504
8504
8504
8504
8504
8504
8504
8504
8504
8504
8504
8504
8504
8504
8504
8504
7961
7961
7961
8064
8064
8246
8246
8246
8246
8246
8246
8246
8246
8246
8889
8889
8889
9127
9127
9127
9321
9321
9321
9698
9698
9698
10056
10056
10056
10056
10056
10471
10471
10471
10471
10935
10935
11188
11188
11188
11188
11470
11470
11861
11861
11861
11861
11861
12334
12334
12334
12334
12522
12522
12833
12833
12833
13286
13286
13286
13534
13534
13534
13534
13534
13938
13938
13938
14154
14154
14154
14320
14320
14320
14604
14604
14604
14851
14851
14851
14851
14851
14851
15265
15265
15265
15441
15441
15441
15811
15811
15811
16012
16012
16012
16064
16064
16064
16064
16064
16064
16641
16641
16641
16641
16653
16653
16653
16811
16811
17144
17144
17144
17113
17113
17113
17113
17113
17113
18099
18099
18099
18099
18324
18324
18324
18575
18575
18676
18676
18676
18676
18737
18737
18737
18737
18737
18639
18639
18105
18105
18105
17896
17896
17896
17661
17661
17661
17311
17311
17311
17311
17311
17311
16624
16624
16624
16624
16254
16254
15920
15920
15920
15622
15622
15622
15256
15256
15256
15256
15256
15256
15036
15036
15036
14763
14763
14763
14575
14575
14575
14575
14511
14511
14476
14476
14476
14476
14476
14464
14464
14464
14577
14577
14577
14553
14553
14553
14553
14622
14622
14670
14670
14670
14670
14670
14670
14890
14890
15028
15028
15028
15012
15012
15012
15012
14958
14958
14936
14936
14936
14936
14936
14685
14685
14685
14555
14555
14555
14385
14385
14385
14173
14173
14173
14173
13821
13821
13821
13821
13476
13476
13476
13476
13351
13351
13351
13175
13175
12893
12893
12893
12620
12620
12620
12620
12620
12091
12091
12091
11972
11972
11972
11972
11972
11972
11972
11972
11972
11972
11972
11972
11972
11972
11972
11972
11972
11972
11194
11194
11194
11194
11287
11287
11468
11468
11468
11785
11785
11785
11836
11836
11836
11836
11836
11836
11836
12069
12069
12069
12173
12173
12173
12315
12315
12315
12417
12417
12417
12417
12417
12417
12417
12417
12417
12971
12971
13268
13268
13268
13539
13539
13539
13539
13684
13684
13946
13946
13946
13946
