21868
21868
21868
21868
21868
22855
22855
22855
22855
23159
23159
23159
23574
23574
23988
23988
23988
23988
24158
24158
24158
24158
24158
24158
24158
24158
24158
24158
24158
24158
24158
24158
24158
24158
24210
24210
24210
24054
24054
24054
23923
23923
23923
23809
23809
23809
23342
23342
23342
23342
23342
23342
23342
23342
23342
23342
23342
23342
23342
23342
23342
21998
21998
21751
21751
21751
21462
21462
21462
21158
21158
21158
21158
21305
21305
21305
21305
21305
21305
21305
21305
21305
21305
21305
21305
21305
21305
21305
21713
21713
22061
22061
22061
22061
22177
22177
22177
22231
22231
22231
22357
22357
22357
22357
22357
22357
22357
22357
22357
22357
22357
22357
22357
22357
22890
22890
22825
22825
22825
22825
22737
22737
22699
22699
22699
22699
22492
22492
22492
22492
22492
22492
22492
22492
22492
22492
22492
22492
22492
22492
21065
21065
21065
20636
20636
20636
20379
20379
20379
20038
20038
20038
19867
19867
19867
19867
19867
19867
19867
19867
19867
19867
19867
19867
19867
19867
19325
19325
19325
19325
19325
19325
19325
19325
19325
19325
19325
18980
18980
18980
18980
18980
18980
18980
18980
18980
18980
18980
18980
18980
18980
18980
18980
19942
19942
19942
20251
20251
20440
20440
20440
20811
20811
20811
20811
21101
21101
21101
21101
21101
21101
21101
21101
21101
21101
21101
21101
21101
21101
21101
21101
21983
21983
22183
22183
22183
22183
22442
22442
22442
22704
22704
22936
22936
22936
22936
22936
22936
22936
22936
22936
22936
22936
22936
22936
22936
22936
22936
24299
24299
24299
24640
24640
24640
24973
24973
24973
25222
25222
25222
25580
25580
25580
25580
25580
25580
25580
25580
25580
25580
25580
25580
25580
25580
27310
27310
27310
27310
27673
27673
26936
26936
26936
26936
27441
27441
27441
27694
27694
27694
27694
27694
27694
27694
27694
27694
27694
27694
27694
27694
27694
29408
29408
29408
29408
29872
29872
29872
29980
29980
29980
30181
30181
30181
30181
30181
30181
30181
30181
30181
30181
30181
30181
30181
30181
30181
30181
30181
29181
29181
29181
29181
28805
28805
28805
28619
28619
28619
28282
28282
28282
27921
27921
27921
27921
27921
27921
27921
27921
27921
27921
27921
27921
27921
27921
27921
26045
26045
25675
25675
25675
25376
25376
25376
25376
25115
25115
25115
24756
24756
24756
24756
24756
24756
24756
24756
24756
24756
24756
24756
24756
24756
24214
24214
24214
24214
24286
24286
24163
24163
24163
24073
24073
24073
24032
24032
24032
24032
24032
24032
24032
24032
24032
24032
24032
24032
24032
24032
24032
24032
23398
23398
23398
23242
23242
23242
23082
23082
22525
22525
22525
22525
22131
22131
22131
22131
22131
22131
22131
22131
22131
22131
22131
22131
22131
22131
20220
20220
20220
20031
20031
19589
19589
19589
19589
19208
19208
18952
18952
18952
18952
18952
18952
18952
18952
18952
18952
18952
18952
18952
18952
18952
18070
18070
18070
18070
18070
18070
17969
17969
18002
18002
18002
18041
18041
18041
18041
18041
18041
18041
18041
18041
18041
18041
18041
18041
18041
18041
18041
18041
18041
18811
18811
18811
19118
19118
19118
19422
19422
19571
19571
19571
19699
19699
19699
19699
19699
19699
19699
19699
19699
19699
19699
19699
19699
19699
20811
20811
21018
21018
21018
21018
21340
21340
21340
21649
21649
21649
21840
21840
21840
21840
21840
21840
21840
21840
21840
21840
21840
21840
21840
22366
22366
22860
22860
22860
23265
23265
23265
23265
22807
22807
22807
23115
23115
23115
23115
23115
23115
23115
23115
23115
23115
23115
23115
23115
23115
23133
23133
23133
23037
23037
23037
22734
22734
22734
22564
22564
26990
26990
26475
26475
26475
26475
26475
26475
26475
26475
26475
26475
26475
26475
26475
26475
26475
26475
23801
23801
23801
23801
23421
23421
23421
23277
23277
22938
22938
22938
22938
22726
22726
22726
22726
22726
22726
22726
22726
22726
22726
22726
22726
22726
22726
22010
22010
22010
22010
21986
21986
21986
21767
21767
21767
21474
21474
21474
21387
21387
21387
21387
21387
21387
21387
21387
21387
21387
21387
21387
21387
21387
21387
19780
19780
19780
19353
19353
18909
18909
18909
18909
18441
18441
18441
18085
18085
18085
18085
18085
18085
18085
18085
18085
18085
18085
18085
18085
18085
18085
18085
15716
15716
15716
15345
15345
15182
15182
15182
15182
14839
14839
14839
14646
14646
14646
14646
14646
14646
14646
14646
14646
14646
14646
14646
14646
14646
14646
13458
13458
13458
13458
13458
13458
13458
13458
13458
13458
13465
13465
13465
13647
13647
13647
13647
13647
13647
13647
13647
13647
13647
13647
13647
13647
14188
14188
14188
14188
14188
14492
14492
14492
14599
14599
14599
14734
14734
14734
14734
14734
14734
14734
14734
14734
14734
14734
14734
14734
14734
14734
16021
16021
16021
16184
16184
16184
16379
16379
16379
16809
16809
16809
17040
17040
17040
17040
17040
17040
17040
17040
17040
17040
17040
17040
17040
17040
17040
18280
18280
18280
18515
18515
18515
18816
18816
18816
19042
19042
19042
19297
19297
19297
19297
19297
19297
19297
19297
19297
19297
19297
19297
19297
19297
19297
19297
19297
21542
21542
21592
21592
21592
21809
21809
21809
21809
22145
22145
22145
22332
22332
22332
22332
22332
22332
22332
22332
22332
22332
22332
22332
22332
22332
22332
22332
22332
22332
23727
23727
23727
24156
24156
24156
23995
23995
23995
23825
23825
23825
23825
23825
23825
23825
23825
23825
23825
23825
23825
23825
23825
23825
21509
21509
21509
21509
21199
21199
21199
20871
20632
20632
20468
20468
20468
20468
20468
20468
20468
20468
20468
20468
20468
20468
20468
20468
20468
20468
19929
19929
19763
19763
19763
19763
19883
19883
19883
18968
18968
18968
17024
17024
17024
17024
17024
17024
17024
17024
17024
17024
17024
17024
17024
17024
17795
17795
17795
17801
17801
17801
17737
17737
17737
17547
17547
17547
17220
17220
17220
17220
17220
17220
17220
17220
17220
17220
17220
17220
17220
17220
15341
15341
15341
14885
14885
14885
14469
14469
14469
14070
14070
14070
13510
13510
13510
13510
13510
13510
13510
13510
13510
13510
13510
13510
13510
13510
13510
13510
11954
11954
11954
11954
11789
11789
11789
11569
11569
11569
11375
11375
11421
11421
11421
11421
11421
11421
11421
11421
11421
11421
11421
11421
11421
11421
11421
11421
11421
11978
11978
11978
12249
12249
12249
12359
12359
12359
12570
12570
12769
12769
12769
12769
12769
12769
12769
12769
12769
12769
12769
12769
12769
12769
12769
12769
13423
13423
13423
13630
13630
13630
14024
14024
14024
14266
14266
14266
14515
14515
14515
14515
14515
14515
14515
14515
14515
14515
14515
14515
14515
15468
15468
15468
15802
15802
15802
16191
16191
16191
16339
16339
16339
16614
16614
16614
16614
16614
16614
16614
16614
16614
16614
16614
16614
16614
16614
16614
17680
17680
18061
18061
18061
18061
18310
18310
18310
18630
18630
18630
19093
19093
19093
19093
19093
19093
19093
19093
19093
19093
19093
19093
19093
19093
20734
20734
20734
20734
20835
20835
20835
20894
20894
20894
21344
21344
21344
21634
21634
21634
21634
21634
21634
21634
21634
21634
21634
21634
21634
21634
21634
21634
21634
21725
21725
21725
21725
21394
21394
21394
21192
21192
21192
20848
20848
20848
20299
20299
20299
20299
20299
20299
20299
20299
20299
20299
20299
20299
20299
20299
20299
20299
18556
18556
18556
18556
18419
18419
18386
18386
18386
18386
18320
18320
18320
18327
18327
18327
18327
18327
18327
18327
18327
18327
18327
18327
18327
18327
18327
18327
18738
18738
18738
18738
18504
18504
18504
18441
18441
18441
18251
18251
18025
18025
18025
18025
18025
18025
18025
18025
18025
18025
18025
18025
18025
18025
18025
18025
15985
15985
15985
15760
15760
15367
15367
15367
14958
14958
14958
14958
14394
14394
14394
14394
14394
14394
14394
14394
14394
14394
14394
14394
14394
14394
12558
12558
12328
12328
12328
12002
12002
12002
11773
11773
11773
11655
11655
11655
11655
11655
11655
11655
11655
11655
11655
11655
11655
11655
11655
11655
11655
11655
11299
11299
11299
11299
11299
11336
11336
11336
11511
11511
11511
11686
11686
11686
11686
11686
11686
11686
11686
11686
11686
11686
11686
11686
11686
11686
11686
11686
11686
12618
12618
12618
12825
12825
12825
13018
13018
13018
13189
13189
13189
13473
13473
13473
13473
13473
13473
13473
13473
13473
13473
13473
13473
13473
13473
14775
14775
14775
14775
14949
14949
14949
15128
15128
15279
15279
15279
15279
15402
15402
15402
15402
15402
15402
15402
15402
15402
15402
15402
15402
15402
15402
16594
16594
16594
17018
17018
17018
17276
17276
17581
17581
17581
17750
17750
17750
17750
17750
17750
17750
17750
17750
17750
17750
17750
17750
17750
17750
19173
19173
19173
19341
19341
19341
19541
19541
19541
19685
19685
19685
19664
19664
19664
19664
19664
19664
19664
19664
19664
19664
19664
19664
19664
19664
19664
19664
20911
20911
20911
21275
21275
21275
21548
21548
21548
21436
21436
21436
21326
21326
21326
21326
21326
21326
21326
21326
21326
21326
21326
21326
19208
19208
19208
19208
19208
19208
19208
19208
19208
19208
19208
19208
19817
19817
19817
19868
19868
19868
19975
19975
19975
19851
19851
19851
19556
19556
19556
19556
19556
19556
19556
19556
19556
19556
19556
19556
19556
19556
19556
19556
17953
17953
17589
17589
17589
17179
17179
17179
16716
16716
16716
16716
16438
16438
16438
16438
16438
16438
16438
16438
16438
16438
16438
16438
16438
16438
16438
15136
15136
15136
14998
14998
14998
14688
14688
14688
14643
14643
14643
14635
14635
14635
14635
14635
14635
14635
14635
14635
14635
14635
14635
14635
14635
14635
14635
14635
14635
14635
14852
14852
15062
15062
15245
15245
15245
15245
15366
15366
15366
15366
15366
15366
15366
15366
15366
15366
15366
15366
15366
15366
15366
15366
15366
15366
15366
16742
16742
16742
16825
16825
16825
17054
17054
17054
17369
17369
17369
17832
17832
17832
17832
17832
17832
17832
17832
17832
17832
17832
17832
17832
17832
17832
17832
18901
18901
18901
18986
18986
18986
19071
19071
19071
19187
19187
19187
19317
19317
19317
19317
19317
19317
19317
19317
19317
19317
19317
19317
19317
19317
19317
19317
20680
20680
20680
21073
21073
21073
21394
21394
21394
21503
21503
21503
21813
21813
21813
21813
21813
21813
21813
21813
21813
21813
21813
21813
21813
21813
21813
21813
23596
23596
23596
23716
23716
23716
23853
23853
23853
24107
24107
24107
24260
24260
24260
24260
24260
24260
24260
24260
24260
24260
24260
24260
24260
24260
24260
24260
24260
24909
24909
24909
24585
24585
24585
24134
24134
24134
24072
24072
24072
23839
23839
23839
23839
23839
23839
23839
23839
23839
23839
23839
23839
23839
23839
23839
23839
21867
21867
21867
21745
21745
21745
21768
21768
21768
21590
21590
21590
21582
21582
21582
21582
21582
21582
21582
21582
21582
21582
21582
21582
21582
21582
21582
21137
21137
21252
21252
21252
21252
21200
21200
21078
21078
21078
20824
20824
20824
20824
20824
20824
20824
20824
20824
20824
20824
20824
20824
20824
20824
20824
19081
19081
19081
18806
18806
18806
18506
18506
18506
18246
18246
18246
17730
17730
17730
17730
17730
17730
17730
17730
17730
17730
17730
17730
17730
17730
17730
15934
15934
15934
15519
15519
15519
15232
15232
15232
14917
14917
14917
14671
14671
14671
14671
14671
14671
14671
14671
14671
14671
14671
14671
14671
14671
14671
13875
13875
13875
13875
13875
13875
13875
13875
14290
14290
14290
14415
14415
14415
14415
14415
14415
14415
14415
14415
14415
14415
14415
14415
14415
14415
14415
14415
15391
15391
15391
15642
15642
15642
15812
15812
15812
16052
16052
16052
16251
16251
16251
16251
16251
16251
16251
16251
16251
16251
16251
16251
16251
16251
17677
17677
17677
17677
17990
17990
18290
18290
18290
18389
18389
18389
18463
18463
18463
18463
18463
18463
18463
18463
18463
18463
18463
18463
18463
18463
19404
19404
19404
19540
19540
19540
20014
20014
20014
20268
20268
20268
20375
20375
20375
20375
20375
20375
20375
20375
20375
20375
20375
20375
20375
20375
20375
21640
21640
21640
21807
21807
21807
22036
22036
22036
22327
22327
22327
22453
22453
22453
22453
22453
22453
22453
22453
22453
22453
22453
22453
22453
22453
22453
22453
22453
23596
23596
23596
24116
24116
24116
24488
24488
24488
24607
24607
24607
24854
24854
24854
24854
24854
24854
24854
24854
24854
24854
24854
24854
24854
24854
24854
24854
24706
24706
24706
24570
24570
24570
24325
24325
24325
24325
23956
23956
23615
23615
23615
23615
23615
23615
23615
23615
23615
23615
23615
23615
23615
23615
23615
23615
18420
18420
18420
18341
18341
18341
18571
18571
18571
18978
18978
18978
18978
19526
19526
19526
19526
19526
19526
19526
19526
19526
19526
19526
19526
19526
19526
19526
20634
20634
20634
20578
20578
20578
20506
20506
20506
20443
20443
20443
20292
20292
20292
20292
20292
20292
20292
20292
20292
20292
20292
20292
20292
20292
20292
19352
19352
19352
18987
18987
18987
18604
18604
18604
18327
18327
18327
17765
17765
17765
17765
17765
17765
17765
17765
17765
17765
17765
17765
17765
17765
17765
17765
15884
15884
15570
15570
15570
15366
15366
15085
15085
15085
14983
14983
14983
14983
14983
14983
14983
14983
14983
14983
14983
14983
14983
14983
14983
14983
14983
15123
15123
15123
15272
15272
15272
15571
15571
15571
15849
15849
15849
16000
16000
16000
16000
16000
16000
16000
16000
16000
16000
16000
16000
16000
16000
16000
17248
17248
17248
17358
17358
17358
17700
17700
17700
17912
17912
17912
18346
18346
18346
18346
18346
18346
18346
18346
18346
18346
18346
18346
18346
18346
19822
19822
19822
19822
20098
20098
20342
20342
20342
20611
20611
20611
20611
21066
21066
21066
21066
21066
21066
21066
21066
21066
21066
21066
21066
21066
22833
22833
22833
23242
23242
23242
23232
23232
23232
23398
23398
23615
23615
23615
23615
23615
23615
23615
23615
23615
23615
23615
23615
23615
23615
23615
25314
25314
25314
25465
25465
25465
25454
25454
25454
25861
25861
25861
25938
25938
25938
25938
25938
25938
25938
25938
25938
25938
25938
25938
25938
25938
25938
25938
25938
26093
26093
26093
26093
25976
25976
25591
25591
25591
25233
25233
25233
24897
24897
24897
24897
24897
24897
24897
24897
24897
24897
24897
24897
24897
24897
24897
24897
22464
22464
22464
22047
22047
22047
21746
21746
21746
21464
21464
21464
21182
21182
21182
21182
21182
21182
21182
21182
21182
21182
21182
21182
21182
21182
21182
21182
20565
20565
20427
20427
20427
20249
20249
20249
19894
19894
19894
19835
19835
19835
19835
19835
19835
19835
19835
19835
19835
19835
19835
19835
19835
19835
19222
19222
19222
19024
19024
19024
19076
19076
19076
18976
18976
18976
18976
18976
18976
18976
18976
18976
18976
18976
18976
18976
18976
18976
18976
18976
16657
16657
16657
16362
16362
16362
16095
16095
16095
15634
15634
15634
15146
15146
15146
15146
15146
15146
15146
15146
15146
15146
15146
15146
15146
15146
15146
14326
14326
14326
14326
14326
14326
14326
14326
14212
14212
14212
14278
14278
14278
14278
14278
14278
14278
14278
14278
14278
14278
14278
14278
14278
14278
14278
14278
14278
15619
15619
15619
15810
15810
15810
16048
16048
16048
16195
16195
16195
16571
16571
16571
16571
16571
16571
16571
16571
16571
16571
16571
16571
16571
16571
16571
16571
16571
17976
17976
18090
18090
18090
18205
18205
18205
18205
18252
18252
19010
19010
19010
19010
19010
19010
19010
19010
19010
19010
19010
19010
19010
19010
19010
19010
20333
20333
20333
20703
20703
20703
21149
21149
21149
21464
21464
21464
21839
21839
21839
21839
21839
21839
21839
21839
21839
21839
21839
21839
21839
21839
21839
21839
24301
24301
24301
24523
24523
24523
24827
24827
24827
25072
25072
25072
25131
25131
25131
25131
25131
25131
25131
25131
25131
25131
25131
25131
25131
25131
25131
25131
25131
25244
25244
25011
25011
25011
24894
24894
24894
24137
24137
24137
23501
23501
23501
23501
23501
23501
23501
23501
23501
23501
23501
23501
23501
23501
23501
23501
20191
20191
20191
19842
19842
19842
19294
19294
19294
18826
18826
18826
18531
18531
18531
18531
18531
18531
18531
18531
18531
18531
18531
18531
18531
18531
18531
18531
18089
18089
18089
18029
18029
18029
18207
18207
18207
18284
18284
18284
18154
18154
18154
18154
18154
18154
18154
18154
18154
18154
18154
18154
18154
18154
18154
17339
17339
17339
16887
16887
16887
16606
16606
16606
16329
16329
16329
15458
15458
15458
15458
15458
15458
15458
15458
15458
15458
15458
15458
15458
15458
15458
15458
13295
13295
13295
12945
12945
12945
12443
12443
12443
11899
11899
11899
11561
11561
11561
11561
11561
11561
11561
11561
11561
11561
11561
11561
11561
11561
11561
10424
10424
10424
10323
10323
10323
10323
10323
10323
10323
10323
10323
10323
10323
10323
10323
10323
9884
9884
9884
9884
9884
9884
9884
9884
9884
9884
9884
9884
9884
9884
9884
9884
9884
10181
10181
10181
10332
10332
10332
10336
10336
10336
10488
10488
10488
10608
10608
10608
10608
10608
10608
10608
10608
10608
10608
10608
10608
10608
10608
10608
10608
11627
11627
11627
11627
11858
11858
12183
12183
12183
12605
12605
12605
12795
12795
12795
12795
12795
12795
12795
12795
12795
12795
12795
12795
12795
12795
12795
12795
14038
14038
14038
14362
14362
14362
14514
14514
14514
14878
14878
14878
15316
15316
15316
15316
15316
15316
15316
15316
15316
15316
15316
15316
15316
15316
15316
15316
15316
17441
17441
17441
17441
17751
17751
18006
18006
18006
18290
18290
18290
18508
18508
18508
18508
18508
18508
18508
18508
18508
18508
18508
18508
18508
18508
18508
18508
18508
18978
18978
18978
19120
19120
19120
19087
19087
19087
18988
18988
18988
18464
18464
18464
18464
18464
18464
18464
18464
18464
18464
18464
18464
18464
18464
18464
18464
16465
16465
16465
16283
16283
16283
16001
16001
16001
16001
15668
15668
15667
15667
15667
15667
15667
15667
15667
15667
15667
15667
15667
15667
15667
15667
15667
15667
15667
15667
15667
15667
15667
15667
15667
15667
15667
15667
15667
15667
15667
15667
15667
15667
15667
15667
15667
15667
15667
15667
15667
16230
16230
16230
16230
16230
16230
16230
16230
16230
16230
16230
16230
16230
16230
16230
16230
16230
16230
14542
14542
14262
14262
14262
14262
13805
13805
13476
13476
13476
13476
13476
13476
13476
13476
13476
13476
13476
13476
13476
13476
13476
13476
13476
11150
11150
11150
10875
10875
10875
10571
10571
10147
10147
10147
9819
9819
9819
9819
9819
9819
9819
9819
9819
9819
9819
9819
9819
9819
9819
9819
8670
8670
8670
8670
8670
8670
8670
8606
8606
8606
8668
8668
8668
8668
8668
8668
8668
8668
8668
8668
8668
8668
8668
8668
8668
8668
8668
8668
8668
9313
9313
9313
9594
9594
9594
9585
9585
9585
9707
9707
9707
9568
9568
